[code_bg.jpg]
filters=Orton=1,14.035088,14.619883,0.000000;Soften=1,100.000000,17.543859;
moddate=0000000000000000
width=1140
height=669
textactive=0
[ankit.jpg]
filters=fill=1,0.822430;
moddate=0000b7a267ce0000
width=960
height=639
textactive=0
